4294967279,76
4294967279,75
4294967279,74
4243767290,0
4294967294,30
4294967294,21
4294967294,74
4243767290,3
4243767290,2
4294967294,14
4294967294,20
4294967294,127
4294967279,77
4294967278,144
4294967279,426
4294967279,78
4294967279,143
4294967278,287
4294967279,80
4294967279,79
4294967279,142
4294967278,288
4294967278,366
4294967279,84
4294967279,83
4294967279,82
4294967279,81
4294967279,140
4294967278,139
13,6
4294967279,95
4294967279,94
4294967279,93
4294967279,92
4294967279,91
4294967279,90
4294967279,89
4294967279,87
4294967279,86
4294967279,85
4294967294,1026
4294967278,138
4294967279,138
4294967278,276
4294967279,116
4294967279,115
4294967279,114
4294967279,113
4294967279,112
4294967279,111
4294967279,110
4294967279,109
4294967279,108
4294967279,107
4294967279,106
4294967279,105
4294967279,104
4294967279,103
4294967279,102
4294967279,101
4294967279,100
4294967279,99
4294967279,98
4294967279,97
4294967279,96
4294967279,137
4294967278,136
4294967278,134
4294967278,340
4294967278,275
4294967279,276
4294967278,274
4294967278,284
4294967279,283
4294967278,273
4294967278,277
4294967278,268
4294967279,271
4294967278,282
4294967278,280
4294967279,270
23,6
4294967278,266
23,5
4294967279,269
23,4
4294967278,265
23,3
23,2
23,1
4294967279,267
4294967278,338
4294967278,278
4294967278,262
4294967278,279
4294967279,400
4294967294,104
4294967294,106
4294967294,180
4294967294,57
4294967294,56
4294967294,55
4294967294,66
4294967294,65
4294967294,64
4294967294,63
4294967294,62
4294967279,264
4294967278,7
4294967278,5
4294967278,174
4294967279,132
4294967279,130
4294967279,128
4294967279,127
4294967279,125
4294967279,393
4294967279,124
4294967279,252
4294967279,123
4294967279,122
4294967279,121
4294967279,120
4294967279,119
4294967279,118
4294967279,117
4294967278,261
4294967279,285
4294967279,262
4294967279,399
4294967278,365
4294967278,6
4294967279,261
4294967279,275
4294967278,4
4294967279,281
4294967278,364
4294967279,131
4294967279,257
4294967278,333
4294967279,396
4294967278,331
4294967279,425
4294967279,129
4294967279,255
4294967278,330
22,6
4294967279,395
22,5
4294967278,328
22,4
4294967279,394
22,2
22,1
4294967279,424
4294967279,126
4294967278,327
4294967278,329
4294967279,423
4294967294,389
4294967278,324
4294967278,31
4294967278,30
4294967278,29
4294967278,28
4294967278,27
4294967278,26
4294967278,25
4294967278,24
4294967278,23
4294967278,22
4294967278,21
4294967278,20
4294967278,19
4294967278,18
4294967278,17
4294967278,16
4294967278,15
4294967278,14
4294967278,13
4294967278,12
4294967278,11
4294967278,10
4294967278,9
4294967278,8
4294967278,251
4294967278,247
4294967278,244
4294967278,242
4294967278,240
21,6
21,5
4294967278,238
21,4
21,3
21,2
21,1
4294967278,237
4294967278,236
4294967278,233
4294967294,126
4294967294,18
4294967294,946
4294967294,943
4294967294,927
4294967294,902
4294967294,899
4294967294,898
4294967294,944
4294967294,938
4294967294,900
4294967294,897
4294967294,947
4294967294,968
4294967294,967
4294967294,966
4294967294,965
4294967294,964
4294967294,963
4294967294,962
4294967294,923
4294967294,922
4294967294,918
4294967294,916
4294967294,915
4294967294,914
4294967294,913
4294967294,912
4294967294,910
4294967294,909
4294967294,907
4294967294,906
4294967294,905
4294967294,422
4294967294,401
4294967294,190
4294967294,185
4294967294,176
4294967294,170
4294967294,163
4294967294,161
4294967278,51
4294967278,50
4294967278,49
4294967278,48
4294967278,47
4294967278,46
4294967278,45
4294967278,44
4294967278,43
4294967278,42
4294967278,41
4294967278,40
4294967278,39
4294967278,38
4294967278,37
4294967278,36
4294967278,35
4294967278,34
4294967278,33
4294967278,32
4294967278,230
4294967278,229
4294967294,89
4294967278,227
4294967278,225
4294967278,222
4294967294,395
4294967294,399
4294967294,953
4294967294,421
4294967294,178
4294967294,385
4294967294,398
4294967294,406
4294967294,415
4294967294,151
4294967294,952
4294967294,167
4294967294,457
4294967294,400
4294967294,175
4294967294,164
4294967294,191
4294967278,220
4294967278,221
4294967278,218
4294967278,216
4294967278,214
20,6
20,5
4294967278,213
20,4
20,2
20,1
4294967279,422
4294967278,212
4294967278,320
4294967278,318
4294967279,421
4294967278,208
4294967278,207
4294967278,316
4294967278,206
4294967278,204
19,5
4294967278,203
19,4
19,2
19,1
4294967279,420
4294967278,202
4294967279,419
4294967278,363
4294967279,418
4294967278,362
4294967278,197
4294967278,196
4294967278,193
